                     CLIMATOLOGICAL SUMMARY for year 2026


NAME: Hangar 57 - GEZ                  
ELEV: 17 meters    LAT: 34-40.95 S    LONG: 059-01.99 W


                                       TEMPERATURE (°C)

                              HEAT    COOL                              MAX    MAX    MIN    MIN
          MEAN   MEAN         DEG     DEG                                >=     <=     <=     <=
 YR  MO   MAX    MIN    MEAN  DAYS    DAYS      HI  DAY     LOW  DAY     30      0      0    -20
------------------------------------------------------------------------------------------------
2026 01
2026 02
2026 03   29.3   14.5   21.5    7.2   54.2    36.3   16     5.3   24      8      0      0      0
2026 04   24.8   11.6   17.4   57.0   28.4    34.0   03     3.4   30      2      0      0      0
2026 05   18.1    4.8   10.9  234.7    5.3    29.7   06    -1.4   22      0      0      2      0
2026 06   16.0    4.9    9.9  252.6    0.0    20.7   27    -2.4   26      0      0      4      0
2026 07    9.7   -3.2    3.1   48.6    0.0    14.1   01    -5.0   03      0      0      3      0
2026 08
2026 09
2026 10
2026 11
2026 12
------------------------------------------------------------------------------------------------
          20.7    7.9   13.7  600.2   87.8    36.3  Mar    -5.0  Jul     10      0      9      0


                  PRECIPITATION (mm)

                  MAX         ---DAYS OF RAIN---
                  OBS.               OVER
 YR  MO  TOTAL    DAY  DATE   0.30   3.00  30.00
------------------------------------------------
2026 01   27.7   19.3    15      3      3      0
2026 02   62.5   46.0    15      5      4      1
2026 03   23.8   15.5    17      7      2      0
2026 04  150.3   56.7    03      8      5      2
2026 05   90.9   72.4    07      8      2      1
2026 06  129.1   82.6    08      8      4      2
2026 07    0.0    0.0    01      0      0      0
2026 08
2026 09
2026 10
2026 11
2026 12
------------------------------------------------
         484.3   82.6   Jun     39     20      6


           WIND SPEED (knots)

                                DOM
 YR  MO    AVG     HI   DATE    DIR
-----------------------------------
2026 01    3.3   25.9     13    130
2026 02    2.9   22.7     03    166
2026 03    2.8   37.7     17    137
2026 04    3.1   33.6     03    235
2026 05    2.8   30.7     08    307
2026 06    2.3   22.7     13    264
2026 07    3.7   16.9     01    261
2026 08
2026 09
2026 10
2026 11
2026 12
-----------------------------------
           2.8   37.7    Mar    177
