                     CLIMATOLOGICAL SUMMARY for year 2025


NAME: Hangar 57 - GEZ                  
ELEV: 17 meters    LAT: 34-40.95 S    LONG: 059-01.99 W


                                       TEMPERATURE (°C)

                              HEAT    COOL                              MAX    MAX    MIN    MIN
          MEAN   MEAN         DEG     DEG                                >=     <=     <=     <=
 YR  MO   MAX    MIN    MEAN  DAYS    DAYS      HI  DAY     LOW  DAY     30      0      0    -20
------------------------------------------------------------------------------------------------
2025 01   35.2   17.5   25.8    0.0  230.4    41.5   16    10.3   03     29      0      0      0
2025 02   32.7   18.2   24.6    1.6  177.5    39.8   03     8.0   18     21      0      0      0
2025 03   28.6   15.7   21.5   13.8  107.0    38.5   05     7.6   14     11      0      0      0
2025 04   22.3    5.9   13.3   31.4    0.0    26.0   02     3.4   04      0      0      0      0
2025 05
2025 06
2025 07
2025 08
2025 09
2025 10
2025 11
2025 12
------------------------------------------------------------------------------------------------
          31.5   16.4   23.3   46.7  514.8    41.5  Jan     3.4  Apr     61      0      0      0


                  PRECIPITATION (mm)

                  MAX         ---DAYS OF RAIN---
                  OBS.               OVER
 YR  MO  TOTAL    DAY  DATE   0.30   3.00  30.00
------------------------------------------------
2025 01   21.1   10.9    24      2      2      0
2025 02  324.0   77.7    05     10      8      4
2025 03   88.3   36.4    03     11      5      1
2025 04    0.0    0.0    01      0      0      0
2025 05
2025 06
2025 07
2025 08
2025 09
2025 10
2025 11
2025 12
------------------------------------------------
         433.4   77.7   Feb     23     15      5


           WIND SPEED (knots)

                                DOM
 YR  MO    AVG     HI   DATE    DIR
-----------------------------------
2025 01    3.2   38.7     24    110
2025 02    2.9   36.7     11     82
2025 03    2.7   33.6     30    116
2025 04    3.0   26.8     03    212
2025 05
2025 06
2025 07
2025 08
2025 09
2025 10
2025 11
2025 12
-----------------------------------
           3.0   38.7    Jan    106
