                     CLIMATOLOGICAL SUMMARY for year 2024


NAME: Hangar 57 - GEZ                  
ELEV: 17 meters    LAT: 34-40.95 S    LONG: 059-01.99 W


                                       TEMPERATURE (°C)

                              HEAT    COOL                              MAX    MAX    MIN    MIN
          MEAN   MEAN         DEG     DEG                                >=     <=     <=     <=
 YR  MO   MAX    MIN    MEAN  DAYS    DAYS      HI  DAY     LOW  DAY     30      0      0    -20
------------------------------------------------------------------------------------------------
2024 01
2024 02   12.8   -0.8    9.7   62.0    0.0    21.1   24    -1.1   24      0      0      4      0
2024 03
2024 04   19.8   -1.1   10.0  143.5    0.0    21.1   06    -1.1   05      0      0     16      0
2024 05   16.4    4.6   10.2  222.4    0.0    21.9   05    -2.9   25      0      0      2      0
2024 06   18.3    6.8   12.4  186.7    9.6    28.4   13    -1.6   30      0      0      2      0
2024 07   16.0    0.9    7.7  330.8    0.0    23.1   25    -7.0   10      0      0     14      0
2024 08   17.0    5.5   10.8  214.7   10.9    31.1   02    -2.3   26      1      0      4      0
2024 09   23.9    8.8   16.0   79.5   15.5    30.5   29     0.2   05      2      0      0      0
2024 10   26.8   11.7   18.9   37.1   55.2    36.7   21     2.4   03     10      0      0      0
2024 11   29.2   13.4   21.3    4.8   92.1    37.3   16     8.1   13     14      0      0      0
2024 12   30.0   13.3   21.4   10.7  105.1    37.2   31     5.0   08     18      0      0      0
------------------------------------------------------------------------------------------------
          22.0    7.4   14.6 1292.1  288.5    37.3  Nov    -7.0  Jul     45      0     42      0


                  PRECIPITATION (mm)

                  MAX         ---DAYS OF RAIN---
                  OBS.               OVER
 YR  MO  TOTAL    DAY  DATE   0.30   3.00  30.00
------------------------------------------------
2024 01
2024 02   18.3    5.1    24      4      4      0
2024 03
2024 04   76.2    5.1    06     15     15      0
2024 05    5.6    2.8    05      3      0      0
2024 06   52.4   38.9    21      5      3      1
2024 07    6.6    3.6    24      2      1      0
2024 08   58.3   29.7    03      5      4      0
2024 09   22.4   20.6    19      2      1      0
2024 10   65.8   42.2    23      6      4      1
2024 11   96.8   30.7    04     11      7      1
2024 12   48.1   22.4    01      5      3      0
------------------------------------------------
         450.5   42.2   Oct     58     42      3


           WIND SPEED (knots)

                                DOM
 YR  MO    AVG     HI   DATE    DIR
-----------------------------------
2024 01
2024 02    4.4   10.4     24     39
2024 03
2024 04    4.4   10.4     07     45
2024 05    2.6   28.8     08    186
2024 06    2.9   24.9     23     10
2024 07    1.9   19.8     19     83
2024 08    4.3   38.7     03    208
2024 09    3.2   23.7     22     93
2024 10    3.1   23.7     20     98
2024 11    3.5   33.6     17    116
2024 12    3.7   32.7     01    148
-----------------------------------
           3.2   38.7    Aug    110
